15
15
8 2 3 7 6 4 5 10 9 14 1 12 13 15 11 
15
1 12 9 8 15 3 2 4 13 11 14 7 10 5 6 
14
3 4 5 2 14 8 6 10 9 12 13 1 11 7 
14
14 1 11 6 7 4 13 8 9 10 5 2 12 3 
15
6 2 3 9 12 11 8 5 1 4 7 13 10 15 14 
14
10 9 12 8 7 6 4 11 3 14 1 5 13 2 
10
2 6 8 10 1 4 9 3 7 5 
10
2 10 9 1 4 6 3 8 7 5 
14
3 11 8 6 5 13 7 12 2 10 9 14 1 4 
12
4 5 2 1 9 8 7 11 3 10 6 12 
15
9 13 1 4 15 11 14 2 10 5 6 7 12 3 8 
15
13 14 3 11 6 4 7 15 9 10 8 2 1 5 12 
11
5 11 3 7 6 2 4 8 1 10 9 
13
12 5 3 4 7 8 2 10 1 11 9 13 6 
11
9 2 1 11 5 4 6 10 7 3 8 
