15
15
1 6 8 2 5 12 9 11 13 4 10 7 14 3 15 
15
3 11 9 4 2 6 10 8 14 12 5 1 13 15 7 
14
9 1 4 7 11 2 5 3 8 14 6 12 13 10 
14
3 9 8 4 7 6 13 1 5 14 11 12 10 2 
15
5 7 2 11 12 13 6 8 10 1 4 3 14 9 15 
14
8 4 10 11 12 6 13 2 9 1 5 14 7 3 
10
5 3 4 9 6 8 7 2 10 1 
10
4 5 8 6 2 1 10 7 3 9 
14
9 5 10 8 2 4 13 12 7 6 11 1 3 14 
12
6 1 10 8 12 4 5 2 7 3 9 11 
15
11 1 5 2 10 3 7 13 9 15 8 12 6 4 14 
15
12 1 14 15 5 11 9 8 7 13 2 3 10 6 4 
11
2 10 3 4 7 6 9 8 5 1 11 
13
9 1 5 12 13 6 3 2 4 10 8 7 11 
11
3 5 8 4 10 6 2 9 11 1 7 
