15
15
8 7 15 11 5 2 14 9 3 4 13 12 10 1 6 
15
11 1 10 4 7 2 9 6 8 5 15 12 3 14 13 
14
5 3 13 11 2 14 12 8 4 10 6 7 9 1 
14
9 6 14 7 1 5 3 11 13 10 2 12 8 4 
15
13 12 9 4 1 3 15 2 8 11 14 7 10 5 6 
14
14 1 4 9 5 3 13 2 12 6 11 7 10 8 
10
1 6 8 4 5 7 9 10 2 3 
10
7 8 3 4 1 9 2 10 5 6 
14
8 3 4 14 12 11 9 5 7 13 10 2 1 6 
12
7 8 5 4 1 6 2 12 3 10 9 11 
15
1 6 5 12 2 10 8 11 9 3 7 4 13 14 15 
15
12 4 11 2 9 7 13 6 10 14 5 1 3 8 15 
11
1 5 11 4 9 7 6 2 10 8 3 
13
1 11 3 13 9 2 5 6 7 8 10 12 4 
11
1 2 10 8 11 6 3 4 7 9 5 
