15
15
15 2 9 13 12 14 4 1 7 3 6 5 10 11 8 
15
10 2 3 12 7 9 14 4 8 5 6 1 13 11 15 
14
4 3 9 7 13 11 1 10 6 12 14 8 2 5 
14
8 3 5 2 14 1 4 9 11 10 6 12 13 7 
15
1 8 10 4 7 12 14 2 13 6 15 11 3 9 5 
14
8 5 11 6 14 7 4 13 2 9 3 12 10 1 
10
1 5 3 9 2 7 4 10 6 8 
10
1 2 7 4 9 5 3 8 6 10 
14
13 11 3 2 14 4 7 9 12 10 5 6 8 1 
12
2 9 3 4 12 10 7 11 6 8 5 1 
15
14 2 4 11 9 12 7 1 3 10 5 13 6 8 15 
15
10 11 9 7 5 14 4 2 15 8 6 12 3 1 13 
11
2 6 3 7 1 10 9 11 8 5 4 
13
12 4 13 9 11 6 8 5 3 2 1 10 7 
11
9 4 3 1 6 2 10 5 7 11 8 
