15
15
2 1 9 15 12 6 13 8 4 7 10 11 5 14 3 
15
7 3 5 4 11 14 8 2 9 15 12 13 10 1 6 
14
11 10 9 1 5 14 12 8 7 6 13 3 4 2 
14
10 7 12 8 14 1 5 3 9 4 11 2 6 13 
15
9 2 12 6 13 4 11 8 14 7 1 3 15 10 5 
14
10 14 2 13 11 4 1 12 5 8 3 7 9 6 
10
8 10 3 2 6 1 7 9 5 4 
10
1 10 8 9 3 4 6 5 2 7 
14
12 13 14 11 6 1 2 8 4 3 5 10 7 9 
12
9 10 3 6 11 7 5 1 2 4 8 12 
15
15 4 14 6 5 1 7 8 11 2 10 12 9 13 3 
15
13 15 3 4 1 5 6 2 9 8 12 7 10 14 11 
11
1 10 7 8 11 6 3 4 9 5 2 
13
1 10 5 4 6 3 12 2 11 7 8 13 9 
11
1 3 10 11 4 5 9 2 8 7 6 
