15
15
6 3 9 14 7 4 15 2 10 13 11 1 12 8 5 
15
6 9 12 4 3 5 13 2 8 11 7 1 14 10 15 
14
1 9 11 14 5 8 7 6 13 2 4 3 10 12 
14
11 9 2 3 13 8 1 6 7 4 10 12 5 14 
15
12 13 11 4 14 3 1 2 9 7 10 8 6 15 5 
14
1 7 5 12 3 4 14 8 2 11 13 9 6 10 
10
5 4 2 1 9 3 6 8 7 10 
10
6 7 1 8 3 2 5 4 9 10 
14
1 2 13 4 8 12 7 10 5 3 9 6 11 14 
12
8 11 3 4 5 6 1 10 7 9 2 12 
15
12 10 3 4 9 14 7 5 6 8 15 1 2 13 11 
15
14 12 5 3 1 13 8 7 10 4 9 11 15 6 2 
11
1 4 3 7 5 2 8 10 11 6 9 
13
1 2 9 4 5 13 6 8 11 10 7 12 3 
11
8 11 10 4 2 9 1 6 7 3 5 
